station_name,gchn_daily_id,latitude,longitude,elevation(m),month,day,temp_min,temp_max,precipitation_mtd
IA OSCEOLA,USC00136316,41.0194,-93.7503,313.3,1,1,121S,322R,3R
IA OSCEOLA,USC00136316,41.0194,-93.7503,313.3,1,2,120S,321R,6R
IA OSCEOLA,USC00136316,41.0194,-93.7503,313.3,1,3,119S,321R,9R
IA OSCEOLA,USC00136316,41.0194,-93.7503,313.3,1,4,118S,321R,12R
IA OSCEOLA,USC00136316,41.0194,-93.7503,313.3,1,5,117S,320R,14R
IA OSCEOLA,USC00136316,41.0194,-93.7503,313.3,1,6,116S,320R,17R
IA OSCEOLA,USC00136316,41.0194,-93.7503,313.3,1,7,115S,320R,20R
IA OSCEOLA,USC00136316,41.0194,-93.7503,313.3,1,8,114S,321R,23R
IA OSCEOLA,USC00136316,41.0194,-93.7503,313.3,1,9,114S,321R,25R
IA OSCEOLA,USC00136316,41.0194,-93.7503,313.3,1,10,113S,321R,28R
IA OSCEOLA,USC00136316,41.0194,-93.7503,313.3,1,11,112S,321R,30R
IA OSCEOLA,USC00136316,41.0194,-93.7503,313.3,1,12,112S,322R,33R
IA OSCEOLA,USC00136316,41.0194,-93.7503,313.3,1,13,111S,322R,36R
IA OSCEOLA,USC00136316,41.0194,-93.7503,313.3,1,14,110S,323R,38R
IA OSCEOLA,USC00136316,41.0194,-93.7503,313.3,1,15,110S,323R,41R
IA OSCEOLA,USC00136316,41.0194,-93.7503,313.3,1,16,110S,324R,44R
IA OSCEOLA,USC00136316,41.0194,-93.7503,313.3,1,17,109S,325R,46R
IA OSCEOLA,USC00136316,41.0194,-93.7503,313.3,1,18,109S,325R,49R
IA OSCEOLA,USC00136316,41.0194,-93.7503,313.3,1,19,109S,326R,52R
IA OSCEOLA,USC00136316,41.0194,-93.7503,313.3,1,20,108S,327R,55R
IA OSCEOLA,USC00136316,41.0194,-93.7503,313.3,1,21,108S,328R,57R
IA OSCEOLA,USC00136316,41.0194,-93.7503,313.3,1,22,108S,329R,60R
IA OSCEOLA,USC00136316,41.0194,-93.7503,313.3,1,23,108S,329R,64R
IA OSCEOLA,USC00136316,41.0194,-93.7503,313.3,1,24,109S,330R,67R
IA OSCEOLA,USC00136316,41.0194,-93.7503,313.3,1,25,109S,331R,70R
IA OSCEOLA,USC00136316,41.0194,-93.7503,313.3,1,26,109S,332R,73R
IA OSCEOLA,USC00136316,41.0194,-93.7503,313.3,1,27,110S,334R,76R
IA OSCEOLA,USC00136316,41.0194,-93.7503,313.3,1,28,110S,335R,79R
IA OSCEOLA,USC00136316,41.0194,-93.7503,313.3,1,29,111S,336R,82R
IA OSCEOLA,USC00136316,41.0194,-93.7503,313.3,1,30,112S,337R,86R
IA OSCEOLA,USC00136316,41.0194,-93.7503,313.3,1,31,113S,339R,89R
IA OSCEOLA,USC00136316,41.0194,-93.7503,313.3,2,1,114S,340R,3R
IA OSCEOLA,USC00136316,41.0194,-93.7503,313.3,2,2,115S,341R,7R
IA OSCEOLA,USC00136316,41.0194,-93.7503,313.3,2,3,116S,343R,10R
IA OSCEOLA,USC00136316,41.0194,-93.7503,313.3,2,4,118S,345R,13R
IA OSCEOLA,USC00136316,41.0194,-93.7503,313.3,2,5,120S,346R,17R
IA OSCEOLA,USC00136316,41.0194,-93.7503,313.3,2,6,121S,348R,20R
IA OSCEOLA,USC00136316,41.0194,-93.7503,313.3,2,7,123S,350R,24R
IA OSCEOLA,USC00136316,41.0194,-93.7503,313.3,2,8,125S,352R,27R
IA OSCEOLA,USC00136316,41.0194,-93.7503,313.3,2,9,127S,354R,31R
IA OSCEOLA,USC00136316,41.0194,-93.7503,313.3,2,10,130S,356R,35R
IA OSCEOLA,USC00136316,41.0194,-93.7503,313.3,2,11,132S,359R,39R
IA OSCEOLA,USC00136316,41.0194,-93.7503,313.3,2,12,135S,361R,43R
IA OSCEOLA,USC00136316,41.0194,-93.7503,313.3,2,13,138S,364R,47R
IA OSCEOLA,USC00136316,41.0194,-93.7503,313.3,2,14,141S,367R,51R
IA OSCEOLA,USC00136316,41.0194,-93.7503,313.3,2,15,144S,369R,55R
IA OSCEOLA,USC00136316,41.0194,-93.7503,313.3,2,16,147S,372R,58R
IA OSCEOLA,USC00136316,41.0194,-93.7503,313.3,2,17,150S,375R,62R
IA OSCEOLA,USC00136316,41.0194,-93.7503,313.3,2,18,153S,379R,66R
IA OSCEOLA,USC00136316,41.0194,-93.7503,313.3,2,19,157S,382R,70R
IA OSCEOLA,USC00136316,41.0194,-93.7503,313.3,2,20,160S,386R,75R
IA OSCEOLA,USC00136316,41.0194,-93.7503,313.3,2,21,164S,389R,79R
IA OSCEOLA,USC00136316,41.0194,-93.7503,313.3,2,22,168S,393R,83R
IA OSCEOLA,USC00136316,41.0194,-93.7503,313.3,2,23,172S,397R,89R
IA OSCEOLA,USC00136316,41.0194,-93.7503,313.3,2,24,176S,401R,94R
IA OSCEOLA,USC00136316,41.0194,-93.7503,313.3,2,25,180S,405R,99R
IA OSCEOLA,USC00136316,41.0194,-93.7503,313.3,2,26,184S,409R,104R
IA OSCEOLA,USC00136316,41.0194,-93.7503,313.3,2,27,188S,414R,109R
IA OSCEOLA,USC00136316,41.0194,-93.7503,313.3,2,28,192S,418R,114R
IA OSCEOLA,USC00136316,41.0194,-93.7503,313.3,2,29,194S,420R,-9999
IA OSCEOLA,USC00136316,41.0194,-93.7503,313.3,2,30,-8888,-8888,-8888
IA OSCEOLA,USC00136316,41.0194,-93.7503,313.3,2,31,-8888,-8888,-8888
IA OSCEOLA,USC00136316,41.0194,-93.7503,313.3,3,1,196S,423R,7S
IA OSCEOLA,USC00136316,41.0194,-93.7503,313.3,3,2,200S,427R,13S
IA OSCEOLA,USC00136316,41.0194,-93.7503,313.3,3,3,204S,432R,20S
IA OSCEOLA,USC00136316,41.0194,-93.7503,313.3,3,4,209S,437R,26S
IA OSCEOLA,USC00136316,41.0194,-93.7503,313.3,3,5,213S,442R,33S
IA OSCEOLA,USC00136316,41.0194,-93.7503,313.3,3,6,217S,447R,40S
IA OSCEOLA,USC00136316,41.0194,-93.7503,313.3,3,7,221S,452R,46S
IA OSCEOLA,USC00136316,41.0194,-93.7503,313.3,3,8,226S,457R,52S
IA OSCEOLA,USC00136316,41.0194,-93.7503,313.3,3,9,230S,462R,59S
IA OSCEOLA,USC00136316,41.0194,-93.7503,313.3,3,10,234S,467R,66S
IA OSCEOLA,USC00136316,41.0194,-93.7503,313.3,3,11,238S,472R,73S
IA OSCEOLA,USC00136316,41.0194,-93.7503,313.3,3,12,243S,478R,79S
IA OSCEOLA,USC00136316,41.0194,-93.7503,313.3,3,13,247S,483R,86S
IA OSCEOLA,USC00136316,41.0194,-93.7503,313.3,3,14,251S,488R,93S
IA OSCEOLA,USC00136316,41.0194,-93.7503,313.3,3,15,255S,493R,100S
IA OSCEOLA,USC00136316,41.0194,-93.7503,313.3,3,16,259S,499R,108S
IA OSCEOLA,USC00136316,41.0194,-93.7503,313.3,3,17,263S,504R,116S
IA OSCEOLA,USC00136316,41.0194,-93.7503,313.3,3,18,267S,509R,124S
IA OSCEOLA,USC00136316,41.0194,-93.7503,313.3,3,19,271S,514R,132S
IA OSCEOLA,USC00136316,41.0194,-93.7503,313.3,3,20,275S,519R,140S
IA OSCEOLA,USC00136316,41.0194,-93.7503,313.3,3,21,279S,524R,148S
IA OSCEOLA,USC00136316,41.0194,-93.7503,313.3,3,22,283S,529R,156S
IA OSCEOLA,USC00136316,41.0194,-93.7503,313.3,3,23,287S,534R,164S
IA OSCEOLA,USC00136316,41.0194,-93.7503,313.3,3,24,291S,539R,172S
IA OSCEOLA,USC00136316,41.0194,-93.7503,313.3,3,25,294S,544R,181S
IA OSCEOLA,USC00136316,41.0194,-93.7503,313.3,3,26,298S,549R,189S
IA OSCEOLA,USC00136316,41.0194,-93.7503,313.3,3,27,302S,553R,198S
IA OSCEOLA,USC00136316,41.0194,-93.7503,313.3,3,28,306S,558R,208S
IA OSCEOLA,USC00136316,41.0194,-93.7503,313.3,3,29,309S,563R,218S
IA OSCEOLA,USC00136316,41.0194,-93.7503,313.3,3,30,313S,567R,228S
IA OSCEOLA,USC00136316,41.0194,-93.7503,313.3,3,31,316S,571R,238S
IA OSCEOLA,USC00136316,41.0194,-93.7503,313.3,4,1,320S,576R,9S
IA OSCEOLA,USC00136316,41.0194,-93.7503,313.3,4,2,324S,580R,19S
IA OSCEOLA,USC00136316,41.0194,-93.7503,313.3,4,3,327S,584R,28S
IA OSCEOLA,USC00136316,41.0194,-93.7503,313.3,4,4,331S,588R,38S
IA OSCEOLA,USC00136316,41.0194,-93.7503,313.3,4,5,334S,592R,48S
IA OSCEOLA,USC00136316,41.0194,-93.7503,313.3,4,6,338S,596R,58S
IA OSCEOLA,USC00136316,41.0194,-93.7503,313.3,4,7,341S,599R,68S
IA OSCEOLA,USC00136316,41.0194,-93.7503,313.3,4,8,345S,603R,79S
IA OSCEOLA,USC00136316,41.0194,-93.7503,313.3,4,9,348S,607R,90S
IA OSCEOLA,USC00136316,41.0194,-93.7503,313.3,4,10,352S,610R,100S
IA OSCEOLA,USC00136316,41.0194,-93.7503,313.3,4,11,356S,614R,112S
IA OSCEOLA,USC00136316,41.0194,-93.7503,313.3,4,12,359S,617R,123S
IA OSCEOLA,USC00136316,41.0194,-93.7503,313.3,4,13,363S,621R,135S
IA OSCEOLA,USC00136316,41.0194,-93.7503,313.3,4,14,366S,624R,148S
IA OSCEOLA,USC00136316,41.0194,-93.7503,313.3,4,15,370S,627R,160S
IA OSCEOLA,USC00136316,41.0194,-93.7503,313.3,4,16,373S,630R,173S
IA OSCEOLA,USC00136316,41.0194,-93.7503,313.3,4,17,377S,633R,186S
IA OSCEOLA,USC00136316,41.0194,-93.7503,313.3,4,18,381S,637R,199S
IA OSCEOLA,USC00136316,41.0194,-93.7503,313.3,4,19,384S,640R,212S
IA OSCEOLA,USC00136316,41.0194,-93.7503,313.3,4,20,388S,643R,226S
IA OSCEOLA,USC00136316,41.0194,-93.7503,313.3,4,21,392S,646R,239S
IA OSCEOLA,USC00136316,41.0194,-93.7503,313.3,4,22,395S,649R,253S
IA OSCEOLA,USC00136316,41.0194,-93.7503,313.3,4,23,399S,652R,267S
IA OSCEOLA,USC00136316,41.0194,-93.7503,313.3,4,24,403S,655R,282S
IA OSCEOLA,USC00136316,41.0194,-93.7503,313.3,4,25,406S,658R,297S
IA OSCEOLA,USC00136316,41.0194,-93.7503,313.3,4,26,410S,661R,312S
IA OSCEOLA,USC00136316,41.0194,-93.7503,313.3,4,27,414S,663R,327S
IA OSCEOLA,USC00136316,41.0194,-93.7503,313.3,4,28,418S,666R,342S
IA OSCEOLA,USC00136316,41.0194,-93.7503,313.3,4,29,421S,669R,358S
IA OSCEOLA,USC00136316,41.0194,-93.7503,313.3,4,30,425S,672R,374S
IA OSCEOLA,USC00136316,41.0194,-93.7503,313.3,4,31,-8888,-8888,-8888
IA OSCEOLA,USC00136316,41.0194,-93.7503,313.3,5,1,429S,675R,16S
IA OSCEOLA,USC00136316,41.0194,-93.7503,313.3,5,2,433S,678R,32S
IA OSCEOLA,USC00136316,41.0194,-93.7503,313.3,5,3,437S,681R,48S
IA OSCEOLA,USC00136316,41.0194,-93.7503,313.3,5,4,440S,684R,65S
IA OSCEOLA,USC00136316,41.0194,-93.7503,313.3,5,5,444S,687R,82S
IA OSCEOLA,USC00136316,41.0194,-93.7503,313.3,5,6,448S,691R,98S
IA OSCEOLA,USC00136316,41.0194,-93.7503,313.3,5,7,452S,694R,114S
IA OSCEOLA,USC00136316,41.0194,-93.7503,313.3,5,8,456S,697R,130S
IA OSCEOLA,USC00136316,41.0194,-93.7503,313.3,5,9,459S,700R,147S
IA OSCEOLA,USC00136316,41.0194,-93.7503,313.3,5,10,463S,703R,164S
IA OSCEOLA,USC00136316,41.0194,-93.7503,313.3,5,11,467S,706R,181S
IA OSCEOLA,USC00136316,41.0194,-93.7503,313.3,5,12,471S,709R,198S
IA OSCEOLA,USC00136316,41.0194,-93.7503,313.3,5,13,475S,713R,215S
IA OSCEOLA,USC00136316,41.0194,-93.7503,313.3,5,14,479S,716R,232S
IA OSCEOLA,USC00136316,41.0194,-93.7503,313.3,5,15,482S,719R,249S
IA OSCEOLA,USC00136316,41.0194,-93.7503,313.3,5,16,486S,722R,266S
IA OSCEOLA,USC00136316,41.0194,-93.7503,313.3,5,17,490S,726R,284S
IA OSCEOLA,USC00136316,41.0194,-93.7503,313.3,5,18,494S,729R,301S
IA OSCEOLA,USC00136316,41.0194,-93.7503,313.3,5,19,498S,732R,318S
IA OSCEOLA,USC00136316,41.0194,-93.7503,313.3,5,20,501S,736R,336S
IA OSCEOLA,USC00136316,41.0194,-93.7503,313.3,5,21,505S,739R,353S
IA OSCEOLA,USC00136316,41.0194,-93.7503,313.3,5,22,509S,742R,370S
IA OSCEOLA,USC00136316,41.0194,-93.7503,313.3,5,23,513S,746R,387S
IA OSCEOLA,USC00136316,41.0194,-93.7503,313.3,5,24,516S,749R,403S
IA OSCEOLA,USC00136316,41.0194,-93.7503,313.3,5,25,520S,752R,421S
IA OSCEOLA,USC00136316,41.0194,-93.7503,313.3,5,26,524S,756R,438S
IA OSCEOLA,USC00136316,41.0194,-93.7503,313.3,5,27,528S,759R,454S
IA OSCEOLA,USC00136316,41.0194,-93.7503,313.3,5,28,531S,762R,471S
IA OSCEOLA,USC00136316,41.0194,-93.7503,313.3,5,29,535S,766R,488S
IA OSCEOLA,USC00136316,41.0194,-93.7503,313.3,5,30,538S,769R,505S
IA OSCEOLA,USC00136316,41.0194,-93.7503,313.3,5,31,542S,772R,523S
IA OSCEOLA,USC00136316,41.0194,-93.7503,313.3,6,1,546S,776S,17S
IA OSCEOLA,USC00136316,41.0194,-93.7503,313.3,6,2,549S,779S,33S
IA OSCEOLA,USC00136316,41.0194,-93.7503,313.3,6,3,552S,782S,50S
IA OSCEOLA,USC00136316,41.0194,-93.7503,313.3,6,4,556S,785S,66S
IA OSCEOLA,USC00136316,41.0194,-93.7503,313.3,6,5,559S,788S,83S
IA OSCEOLA,USC00136316,41.0194,-93.7503,313.3,6,6,563S,792S,100S
IA OSCEOLA,USC00136316,41.0194,-93.7503,313.3,6,7,566S,795S,115S
IA OSCEOLA,USC00136316,41.0194,-93.7503,313.3,6,8,569S,798S,131S
IA OSCEOLA,USC00136316,41.0194,-93.7503,313.3,6,9,572S,801S,146S
IA OSCEOLA,USC00136316,41.0194,-93.7503,313.3,6,10,575S,804S,161S
IA OSCEOLA,USC00136316,41.0194,-93.7503,313.3,6,11,579S,807S,176S
IA OSCEOLA,USC00136316,41.0194,-93.7503,313.3,6,12,582S,810S,191S
IA OSCEOLA,USC00136316,41.0194,-93.7503,313.3,6,13,585S,812S,206S
IA OSCEOLA,USC00136316,41.0194,-93.7503,313.3,6,14,587S,815S,221S
IA OSCEOLA,USC00136316,41.0194,-93.7503,313.3,6,15,590S,818S,236S
IA OSCEOLA,USC00136316,41.0194,-93.7503,313.3,6,16,593S,820S,251S
IA OSCEOLA,USC00136316,41.0194,-93.7503,313.3,6,17,596S,823S,266S
IA OSCEOLA,USC00136316,41.0194,-93.7503,313.3,6,18,598S,826S,280S
IA OSCEOLA,USC00136316,41.0194,-93.7503,313.3,6,19,601S,828S,294S
IA OSCEOLA,USC00136316,41.0194,-93.7503,313.3,6,20,603S,830S,309S
IA OSCEOLA,USC00136316,41.0194,-93.7503,313.3,6,21,606S,833S,324S
IA OSCEOLA,USC00136316,41.0194,-93.7503,313.3,6,22,608S,835S,340S
IA OSCEOLA,USC00136316,41.0194,-93.7503,313.3,6,23,610S,837S,355S
IA OSCEOLA,USC00136316,41.0194,-93.7503,313.3,6,24,612S,839S,370S
IA OSCEOLA,USC00136316,41.0194,-93.7503,313.3,6,25,614S,842S,386S
IA OSCEOLA,USC00136316,41.0194,-93.7503,313.3,6,26,616S,843S,401S
IA OSCEOLA,USC00136316,41.0194,-93.7503,313.3,6,27,618S,845S,416S
IA OSCEOLA,USC00136316,41.0194,-93.7503,313.3,6,28,620S,847S,432S
IA OSCEOLA,USC00136316,41.0194,-93.7503,313.3,6,29,622S,849S,446S
IA OSCEOLA,USC00136316,41.0194,-93.7503,313.3,6,30,623S,851S,461S
IA OSCEOLA,USC00136316,41.0194,-93.7503,313.3,6,31,-8888,-8888,-8888
IA OSCEOLA,USC00136316,41.0194,-93.7503,313.3,7,1,625S,852S,17S
IA OSCEOLA,USC00136316,41.0194,-93.7503,313.3,7,2,626S,854S,34S
IA OSCEOLA,USC00136316,41.0194,-93.7503,313.3,7,3,627S,855S,51S
IA OSCEOLA,USC00136316,41.0194,-93.7503,313.3,7,4,629S,857S,69S
IA OSCEOLA,USC00136316,41.0194,-93.7503,313.3,7,5,630S,858S,86S
IA OSCEOLA,USC00136316,41.0194,-93.7503,313.3,7,6,631S,859S,104S
IA OSCEOLA,USC00136316,41.0194,-93.7503,313.3,7,7,632S,860S,122S
IA OSCEOLA,USC00136316,41.0194,-93.7503,313.3,7,8,633S,861S,141S
IA OSCEOLA,USC00136316,41.0194,-93.7503,313.3,7,9,634S,862S,158S
IA OSCEOLA,USC00136316,41.0194,-93.7503,313.3,7,10,635S,863S,176S
IA OSCEOLA,USC00136316,41.0194,-93.7503,313.3,7,11,636S,864S,193S
IA OSCEOLA,USC00136316,41.0194,-93.7503,313.3,7,12,636S,865S,211S
IA OSCEOLA,USC00136316,41.0194,-93.7503,313.3,7,13,637S,865S,228S
IA OSCEOLA,USC00136316,41.0194,-93.7503,313.3,7,14,637S,866S,246S
IA OSCEOLA,USC00136316,41.0194,-93.7503,313.3,7,15,638S,866S,264S
IA OSCEOLA,USC00136316,41.0194,-93.7503,313.3,7,16,638S,867S,281S
IA OSCEOLA,USC00136316,41.0194,-93.7503,313.3,7,17,639S,867S,299S
IA OSCEOLA,USC00136316,41.0194,-93.7503,313.3,7,18,639S,868S,317S
IA OSCEOLA,USC00136316,41.0194,-93.7503,313.3,7,19,639S,868S,333S
IA OSCEOLA,USC00136316,41.0194,-93.7503,313.3,7,20,640S,868S,349S
IA OSCEOLA,USC00136316,41.0194,-93.7503,313.3,7,21,640S,868S,364S
IA OSCEOLA,USC00136316,41.0194,-93.7503,313.3,7,22,640S,868S,380S
IA OSCEOLA,USC00136316,41.0194,-93.7503,313.3,7,23,640S,868S,394S
IA OSCEOLA,USC00136316,41.0194,-93.7503,313.3,7,24,640S,868S,409S
IA OSCEOLA,USC00136316,41.0194,-93.7503,313.3,7,25,640S,868S,424S
IA OSCEOLA,USC00136316,41.0194,-93.7503,313.3,7,26,640S,867S,440S
IA OSCEOLA,USC00136316,41.0194,-93.7503,313.3,7,27,640S,867S,454S
IA OSCEOLA,USC00136316,41.0194,-93.7503,313.3,7,28,639S,867S,469S
IA OSCEOLA,USC00136316,41.0194,-93.7503,313.3,7,29,639S,866S,484S
IA OSCEOLA,USC00136316,41.0194,-93.7503,313.3,7,30,639S,866S,499S
IA OSCEOLA,USC00136316,41.0194,-93.7503,313.3,7,31,638S,865S,516S
IA OSCEOLA,USC00136316,41.0194,-93.7503,313.3,8,1,638S,865S,15S
IA OSCEOLA,USC00136316,41.0194,-93.7503,313.3,8,2,638S,864S,30S
IA OSCEOLA,USC00136316,41.0194,-93.7503,313.3,8,3,637S,863S,44S
IA OSCEOLA,USC00136316,41.0194,-93.7503,313.3,8,4,636S,863S,58S
IA OSCEOLA,USC00136316,41.0194,-93.7503,313.3,8,5,635S,862S,73S
IA OSCEOLA,USC00136316,41.0194,-93.7503,313.3,8,6,635S,861S,87S
IA OSCEOLA,USC00136316,41.0194,-93.7503,313.3,8,7,634S,860S,102S
IA OSCEOLA,USC00136316,41.0194,-93.7503,313.3,8,8,633S,859S,117S
IA OSCEOLA,USC00136316,41.0194,-93.7503,313.3,8,9,632S,858S,132S
IA OSCEOLA,USC00136316,41.0194,-93.7503,313.3,8,10,630S,857S,147S
IA OSCEOLA,USC00136316,41.0194,-93.7503,313.3,8,11,629S,856S,163S
IA OSCEOLA,USC00136316,41.0194,-93.7503,313.3,8,12,628S,855S,178S
IA OSCEOLA,USC00136316,41.0194,-93.7503,313.3,8,13,626S,853S,194S
IA OSCEOLA,USC00136316,41.0194,-93.7503,313.3,8,14,624S,852S,211S
IA OSCEOLA,USC00136316,41.0194,-93.7503,313.3,8,15,623S,851S,227S
IA OSCEOLA,USC00136316,41.0194,-93.7503,313.3,8,16,621S,849S,243S
IA OSCEOLA,USC00136316,41.0194,-93.7503,313.3,8,17,619S,848S,259S
IA OSCEOLA,USC00136316,41.0194,-93.7503,313.3,8,18,617S,846S,275S
IA OSCEOLA,USC00136316,41.0194,-93.7503,313.3,8,19,614S,845S,290S
IA OSCEOLA,USC00136316,41.0194,-93.7503,313.3,8,20,612S,843S,305S
IA OSCEOLA,USC00136316,41.0194,-93.7503,313.3,8,21,609S,841S,320S
IA OSCEOLA,USC00136316,41.0194,-93.7503,313.3,8,22,607S,840S,335S
IA OSCEOLA,USC00136316,41.0194,-93.7503,313.3,8,23,604S,838S,350S
IA OSCEOLA,USC00136316,41.0194,-93.7503,313.3,8,24,601S,836S,364S
IA OSCEOLA,USC00136316,41.0194,-93.7503,313.3,8,25,598S,834S,379S
IA OSCEOLA,USC00136316,41.0194,-93.7503,313.3,8,26,595S,832S,394S
IA OSCEOLA,USC00136316,41.0194,-93.7503,313.3,8,27,591S,830S,408S
IA OSCEOLA,USC00136316,41.0194,-93.7503,313.3,8,28,588S,828S,422S
IA OSCEOLA,USC00136316,41.0194,-93.7503,313.3,8,29,584S,825S,435S
IA OSCEOLA,USC00136316,41.0194,-93.7503,313.3,8,30,581S,823S,447S
IA OSCEOLA,USC00136316,41.0194,-93.7503,313.3,8,31,577S,821S,460S
IA OSCEOLA,USC00136316,41.0194,-93.7503,313.3,9,1,573S,818S,15S
IA OSCEOLA,USC00136316,41.0194,-93.7503,313.3,9,2,569S,815S,29S
IA OSCEOLA,USC00136316,41.0194,-93.7503,313.3,9,3,565S,813S,42S
IA OSCEOLA,USC00136316,41.0194,-93.7503,313.3,9,4,561S,810S,56S
IA OSCEOLA,USC00136316,41.0194,-93.7503,313.3,9,5,556S,807S,69S
IA OSCEOLA,USC00136316,41.0194,-93.7503,313.3,9,6,552S,804S,83S
IA OSCEOLA,USC00136316,41.0194,-93.7503,313.3,9,7,547S,801S,97S
IA OSCEOLA,USC00136316,41.0194,-93.7503,313.3,9,8,543S,798S,110S
IA OSCEOLA,USC00136316,41.0194,-93.7503,313.3,9,9,538S,795S,124S
IA OSCEOLA,USC00136316,41.0194,-93.7503,313.3,9,10,534S,792S,137S
IA OSCEOLA,USC00136316,41.0194,-93.7503,313.3,9,11,529S,789S,150S
IA OSCEOLA,USC00136316,41.0194,-93.7503,313.3,9,12,524S,785S,163S
IA OSCEOLA,USC00136316,41.0194,-93.7503,313.3,9,13,519S,782S,175S
IA OSCEOLA,USC00136316,41.0194,-93.7503,313.3,9,14,515S,779S,188S
IA OSCEOLA,USC00136316,41.0194,-93.7503,313.3,9,15,510S,775S,201S
IA OSCEOLA,USC00136316,41.0194,-93.7503,313.3,9,16,505S,771S,214S
IA OSCEOLA,USC00136316,41.0194,-93.7503,313.3,9,17,501S,768S,227S
IA OSCEOLA,USC00136316,41.0194,-93.7503,313.3,9,18,496S,764S,241S
IA OSCEOLA,USC00136316,41.0194,-93.7503,313.3,9,19,491S,760S,254S
IA OSCEOLA,USC00136316,41.0194,-93.7503,313.3,9,20,487S,756S,267S
IA OSCEOLA,USC00136316,41.0194,-93.7503,313.3,9,21,482S,753S,280S
IA OSCEOLA,USC00136316,41.0194,-93.7503,313.3,9,22,478S,749S,293S
IA OSCEOLA,USC00136316,41.0194,-93.7503,313.3,9,23,473S,745S,305S
IA OSCEOLA,USC00136316,41.0194,-93.7503,313.3,9,24,469S,741S,316S
IA OSCEOLA,USC00136316,41.0194,-93.7503,313.3,9,25,464S,737S,328S
IA OSCEOLA,USC00136316,41.0194,-93.7503,313.3,9,26,460S,733S,340S
IA OSCEOLA,USC00136316,41.0194,-93.7503,313.3,9,27,456S,729S,352S
IA OSCEOLA,USC00136316,41.0194,-93.7503,313.3,9,28,452S,724S,364S
IA OSCEOLA,USC00136316,41.0194,-93.7503,313.3,9,29,448S,720S,375S
IA OSCEOLA,USC00136316,41.0194,-93.7503,313.3,9,30,444S,716S,385S
IA OSCEOLA,USC00136316,41.0194,-93.7503,313.3,9,31,-8888,-8888,-8888
IA OSCEOLA,USC00136316,41.0194,-93.7503,313.3,10,1,440R,712R,10S
IA OSCEOLA,USC00136316,41.0194,-93.7503,313.3,10,2,436R,708R,20S
IA OSCEOLA,USC00136316,41.0194,-93.7503,313.3,10,3,433R,704R,29S
IA OSCEOLA,USC00136316,41.0194,-93.7503,313.3,10,4,429R,699R,38S
IA OSCEOLA,USC00136316,41.0194,-93.7503,313.3,10,5,426R,695R,46S
IA OSCEOLA,USC00136316,41.0194,-93.7503,313.3,10,6,422R,691R,55S
IA OSCEOLA,USC00136316,41.0194,-93.7503,313.3,10,7,419R,687R,63S
IA OSCEOLA,USC00136316,41.0194,-93.7503,313.3,10,8,415R,683R,71S
IA OSCEOLA,USC00136316,41.0194,-93.7503,313.3,10,9,412R,678R,79S
IA OSCEOLA,USC00136316,41.0194,-93.7503,313.3,10,10,409R,674R,88S
IA OSCEOLA,USC00136316,41.0194,-93.7503,313.3,10,11,406R,670R,96S
IA OSCEOLA,USC00136316,41.0194,-93.7503,313.3,10,12,403R,666R,104S
IA OSCEOLA,USC00136316,41.0194,-93.7503,313.3,10,13,399R,661R,112S
IA OSCEOLA,USC00136316,41.0194,-93.7503,313.3,10,14,396R,657R,120S
IA OSCEOLA,USC00136316,41.0194,-93.7503,313.3,10,15,393R,653R,128S
IA OSCEOLA,USC00136316,41.0194,-93.7503,313.3,10,16,390R,649R,136S
IA OSCEOLA,USC00136316,41.0194,-93.7503,313.3,10,17,387R,644R,145S
IA OSCEOLA,USC00136316,41.0194,-93.7503,313.3,10,18,384R,640R,153S
IA OSCEOLA,USC00136316,41.0194,-93.7503,313.3,10,19,381R,636R,162S
IA OSCEOLA,USC00136316,41.0194,-93.7503,313.3,10,20,378R,631R,172S
IA OSCEOLA,USC00136316,41.0194,-93.7503,313.3,10,21,375R,627R,181S
IA OSCEOLA,USC00136316,41.0194,-93.7503,313.3,10,22,371R,623R,191S
IA OSCEOLA,USC00136316,41.0194,-93.7503,313.3,10,23,368R,618R,200S
IA OSCEOLA,USC00136316,41.0194,-93.7503,313.3,10,24,365R,614R,209S
IA OSCEOLA,USC00136316,41.0194,-93.7503,313.3,10,25,361R,609R,218S
IA OSCEOLA,USC00136316,41.0194,-93.7503,313.3,10,26,358R,605R,227S
IA OSCEOLA,USC00136316,41.0194,-93.7503,313.3,10,27,354R,600R,236S
IA OSCEOLA,USC00136316,41.0194,-93.7503,313.3,10,28,351R,596R,245S
IA OSCEOLA,USC00136316,41.0194,-93.7503,313.3,10,29,347R,591R,254S
IA OSCEOLA,USC00136316,41.0194,-93.7503,313.3,10,30,343R,586R,262S
IA OSCEOLA,USC00136316,41.0194,-93.7503,313.3,10,31,339R,581R,271S
IA OSCEOLA,USC00136316,41.0194,-93.7503,313.3,11,1,335S,577R,9S
IA OSCEOLA,USC00136316,41.0194,-93.7503,313.3,11,2,331S,572R,19S
IA OSCEOLA,USC00136316,41.0194,-93.7503,313.3,11,3,327S,567R,28S
IA OSCEOLA,USC00136316,41.0194,-93.7503,313.3,11,4,323S,562R,37S
IA OSCEOLA,USC00136316,41.0194,-93.7503,313.3,11,5,319S,557R,47S
IA OSCEOLA,USC00136316,41.0194,-93.7503,313.3,11,6,314S,552R,55S
IA OSCEOLA,USC00136316,41.0194,-93.7503,313.3,11,7,310S,546R,63S
IA OSCEOLA,USC00136316,41.0194,-93.7503,313.3,11,8,305S,541R,71S
IA OSCEOLA,USC00136316,41.0194,-93.7503,313.3,11,9,300S,536R,78S
IA OSCEOLA,USC00136316,41.0194,-93.7503,313.3,11,10,296S,530R,86S
IA OSCEOLA,USC00136316,41.0194,-93.7503,313.3,11,11,291S,525R,93S
IA OSCEOLA,USC00136316,41.0194,-93.7503,313.3,11,12,286S,520R,101S
IA OSCEOLA,USC00136316,41.0194,-93.7503,313.3,11,13,281S,514R,109S
IA OSCEOLA,USC00136316,41.0194,-93.7503,313.3,11,14,276S,508R,116S
IA OSCEOLA,USC00136316,41.0194,-93.7503,313.3,11,15,271S,503R,124S
IA OSCEOLA,USC00136316,41.0194,-93.7503,313.3,11,16,266S,497R,131S
IA OSCEOLA,USC00136316,41.0194,-93.7503,313.3,11,17,261S,492R,138S
IA OSCEOLA,USC00136316,41.0194,-93.7503,313.3,11,18,256S,486R,145S
IA OSCEOLA,USC00136316,41.0194,-93.7503,313.3,11,19,251S,480R,151S
IA OSCEOLA,USC00136316,41.0194,-93.7503,313.3,11,20,246S,474R,157S
IA OSCEOLA,USC00136316,41.0194,-93.7503,313.3,11,21,241S,469R,163S
IA OSCEOLA,USC00136316,41.0194,-93.7503,313.3,11,22,236S,463R,170S
IA OSCEOLA,USC00136316,41.0194,-93.7503,313.3,11,23,231S,457R,176S
IA OSCEOLA,USC00136316,41.0194,-93.7503,313.3,11,24,226S,452R,183S
IA OSCEOLA,USC00136316,41.0194,-93.7503,313.3,11,25,221S,446R,189S
IA OSCEOLA,USC00136316,41.0194,-93.7503,313.3,11,26,217S,440R,195S
IA OSCEOLA,USC00136316,41.0194,-93.7503,313.3,11,27,212S,435R,202S
IA OSCEOLA,USC00136316,41.0194,-93.7503,313.3,11,28,208S,429R,208S
IA OSCEOLA,USC00136316,41.0194,-93.7503,313.3,11,29,203S,424R,215S
IA OSCEOLA,USC00136316,41.0194,-93.7503,313.3,11,30,199S,418R,221S
IA OSCEOLA,USC00136316,41.0194,-93.7503,313.3,11,31,-8888,-8888,-8888
IA OSCEOLA,USC00136316,41.0194,-93.7503,313.3,12,1,194S,413R,6R
IA OSCEOLA,USC00136316,41.0194,-93.7503,313.3,12,2,190S,408R,12R
IA OSCEOLA,USC00136316,41.0194,-93.7503,313.3,12,3,186S,403R,18R
IA OSCEOLA,USC00136316,41.0194,-93.7503,313.3,12,4,182S,398R,24R
IA OSCEOLA,USC00136316,41.0194,-93.7503,313.3,12,5,178S,393R,30R
IA OSCEOLA,USC00136316,41.0194,-93.7503,313.3,12,6,175S,388R,36R
IA OSCEOLA,USC00136316,41.0194,-93.7503,313.3,12,7,171S,384R,41R
IA OSCEOLA,USC00136316,41.0194,-93.7503,313.3,12,8,168S,379R,47R
IA OSCEOLA,USC00136316,41.0194,-93.7503,313.3,12,9,165S,375R,52R
IA OSCEOLA,USC00136316,41.0194,-93.7503,313.3,12,10,161S,371R,58R
IA OSCEOLA,USC00136316,41.0194,-93.7503,313.3,12,11,158S,367R,64R
IA OSCEOLA,USC00136316,41.0194,-93.7503,313.3,12,12,156S,363R,69R
IA OSCEOLA,USC00136316,41.0194,-93.7503,313.3,12,13,153S,359R,74R
IA OSCEOLA,USC00136316,41.0194,-93.7503,313.3,12,14,150S,356R,79R
IA OSCEOLA,USC00136316,41.0194,-93.7503,313.3,12,15,148S,352R,84R
IA OSCEOLA,USC00136316,41.0194,-93.7503,313.3,12,16,145S,349R,89R
IA OSCEOLA,USC00136316,41.0194,-93.7503,313.3,12,17,143S,346R,93R
IA OSCEOLA,USC00136316,41.0194,-93.7503,313.3,12,18,141S,343R,98R
IA OSCEOLA,USC00136316,41.0194,-93.7503,313.3,12,19,139S,341R,102R
IA OSCEOLA,USC00136316,41.0194,-93.7503,313.3,12,20,137S,338R,107R
IA OSCEOLA,USC00136316,41.0194,-93.7503,313.3,12,21,135S,336R,111R
IA OSCEOLA,USC00136316,41.0194,-93.7503,313.3,12,22,134S,334R,116R
IA OSCEOLA,USC00136316,41.0194,-93.7503,313.3,12,23,132S,332R,120R
IA OSCEOLA,USC00136316,41.0194,-93.7503,313.3,12,24,130S,330R,123R
IA OSCEOLA,USC00136316,41.0194,-93.7503,313.3,12,25,129S,329R,127R
IA OSCEOLA,USC00136316,41.0194,-93.7503,313.3,12,26,128S,327R,131R
IA OSCEOLA,USC00136316,41.0194,-93.7503,313.3,12,27,126S,326R,134R
IA OSCEOLA,USC00136316,41.0194,-93.7503,313.3,12,28,125S,325R,138R
IA OSCEOLA,USC00136316,41.0194,-93.7503,313.3,12,29,124S,324R,141R
IA OSCEOLA,USC00136316,41.0194,-93.7503,313.3,12,30,123S,323R,144R
IA OSCEOLA,USC00136316,41.0194,-93.7503,313.3,12,31,122S,322R,147R
